3.048780487804878155e-03
3.048780487804878155e-03
3.658536585365853439e-02
1.219512195121951262e-02
1.402439024390244038e-01
1.829268292682926719e-02
3.353658536585366057e-02
1.829268292682926719e-02
0.000000000000000000e+00
3.048780487804878155e-03
0.000000000000000000e+00
0.000000000000000000e+00
0.000000000000000000e+00
0.000000000000000000e+00
6.097560975609756309e-03
0.000000000000000000e+00
3.048780487804878155e-03
0.000000000000000000e+00
0.000000000000000000e+00
0.000000000000000000e+00
0.000000000000000000e+00
0.000000000000000000e+00
3.353658536585366057e-02
2.957317073170731558e-01
2.134146341463414795e-02
9.146341463414633596e-03
6.097560975609756309e-03
1.219512195121951262e-02
0.000000000000000000e+00
0.000000000000000000e+00
0.000000000000000000e+00
4.573170731707316972e-02
9.146341463414633596e-03
1.707317073170731836e-01
6.097560975609756309e-03
8.536585365853659180e-02
2.743902439024390252e-02
0.000000000000000000e+00
