5.464480874316939886e-03
5.464480874316939886e-03
3.551912568306010709e-02
1.366120218579234928e-02
1.284153005464480912e-01
1.912568306010929003e-02
3.278688524590164105e-02
1.912568306010929003e-02
2.732240437158469943e-03
5.464480874316939886e-03
2.732240437158469943e-03
2.732240437158469943e-03
2.732240437158469943e-03
2.732240437158469943e-03
8.196721311475410263e-03
2.732240437158469943e-03
5.464480874316939886e-03
2.732240437158469943e-03
2.732240437158469943e-03
2.732240437158469943e-03
2.732240437158469943e-03
2.732240437158469943e-03
3.278688524590164105e-02
2.677595628415300744e-01
2.185792349726775954e-02
1.092896174863387977e-02
8.196721311475410263e-03
1.366120218579234928e-02
2.732240437158469943e-03
2.732240437158469943e-03
2.732240437158469943e-03
4.371584699453551909e-02
1.092896174863387977e-02
1.557377049180327933e-01
8.196721311475410263e-03
7.923497267759563312e-02
2.732240437158469856e-02
2.732240437158469943e-03
